150.681 19.4536
16.7199 150.353
52.5232 108.468
35.9557 136.047
81.7175 64.6809
149.652 11.8355
50.664 121.649
102.331 58.9361
87.8931 54.851
10.3018 151.206
107.871 38.0955
71.1322 80.4188
73.6946 71.0806
77.2978 84.4194
38.6094 132.318
56.5792 86.5842
14.1361 149.951
22.5162 162.219
54.4298 92.6843
102.969 51.6798
60.5667 99.8279
65.5834 77.6165
97.2723 45.4856
74.8727 68.028
90.4943 60.2191
154.292 7.86145
124.799 33.1893
64.1593 85.7027
11.7365 153.445
22.0861 158.262
48.2071 124.27
133.223 22.863
10.2444 176.76
56.5833 89.9031
27.9639 126.429
74.6007 72.1154
86.4096 69.5033
159.585 9.43998
105.262 45.4774
86.1144 60.6437
150.681 19.4536
16.7199 150.353
52.5232 108.468
35.9557 136.047
81.7175 64.6809
149.652 11.8355
50.664 121.649
102.331 58.9361
87.8931 54.851
10.3018 151.206
107.871 38.0955
71.1322 80.4188
73.6946 71.0806
77.2978 84.4194
38.6094 132.318
56.5792 86.5842
14.1361 149.951
22.5162 162.219
54.4298 92.6843
102.969 51.6798
60.5667 99.8279
65.5834 77.6165
97.2723 45.4856
74.8727 68.028
90.4943 60.2191
154.292 7.86145
124.799 33.1893
64.1593 85.7027
11.7365 153.445
22.0861 158.262
48.2071 124.27
133.223 22.863
10.2444 176.76
56.5833 89.9031
27.9639 126.429
74.6007 72.1154
86.4096 69.5033
159.585 9.43998
105.262 45.4774
86.1144 60.6437
150.681 19.4536
16.7199 150.353
52.5232 108.468
35.9557 136.047
81.7175 64.6809
149.652 11.8355
50.664 121.649
102.331 58.9361
87.8931 54.851
10.3018 151.206
107.871 38.0955
71.1322 80.4188
73.6946 71.0806
77.2978 84.4194
38.6094 132.318
56.5792 86.5842
14.1361 149.951
22.5162 162.219
54.4298 92.6843
102.969 51.6798
60.5667 99.8279
65.5834 77.6165
97.2723 45.4856
74.8727 68.028
90.4943 60.2191
154.292 7.86145
124.799 33.1893
64.1593 85.7027
11.7365 153.445
22.0861 158.262
48.2071 124.27
133.223 22.863
10.2444 176.76
56.5833 89.9031
27.9639 126.429
74.6007 72.1154
86.4096 69.5033
159.585 9.43998
105.262 45.4774
86.1144 60.6437
150.681 19.4536
16.7199 150.353
52.5232 108.468
35.9557 136.047
81.7175 64.6809
149.652 11.8355
50.664 121.649
102.331 58.9361
87.8931 54.851
10.3018 151.206
107.871 38.0955
71.1322 80.4188
73.6946 71.0806
77.2978 84.4194
38.6094 132.318
56.5792 86.5842
14.1361 149.951
22.5162 162.219
54.4298 92.6843
102.969 51.6798
60.5667 99.8279
65.5834 77.6165
97.2723 45.4856
74.8727 68.028
90.4943 60.2191
154.292 7.86145
124.799 33.1893
64.1593 85.7027
11.7365 153.445
22.0861 158.262
48.2071 124.27
133.223 22.863
10.2444 176.76
56.5833 89.9031
27.9639 126.429
74.6007 72.1154
86.4096 69.5033
159.585 9.43998
105.262 45.4774
86.1144 60.6437
150.681 19.4536
16.7199 150.353
52.5232 108.468
35.9557 136.047
81.7175 64.6809
149.652 11.8355
50.664 121.649
102.331 58.9361
87.8931 54.851
10.3018 151.206
107.871 38.0955
71.1322 80.4188
73.6946 71.0806
77.2978 84.4194
38.6094 132.318
56.5792 86.5842
14.1361 149.951
22.5162 162.219
54.4298 92.6843
102.969 51.6798
60.5667 99.8279
65.5834 77.6165
97.2723 45.4856
74.8727 68.028
90.4943 60.2191
154.292 7.86145
124.799 33.1893
64.1593 85.7027
11.7365 153.445
22.0861 158.262
48.2071 124.27
133.223 22.863
10.2444 176.76
56.5833 89.9031
27.9639 126.429
74.6007 72.1154
86.4096 69.5033
159.585 9.43998
105.262 45.4774
86.1144 60.6437
150.681 19.4536
16.7199 150.353
52.5232 108.468
35.9557 136.047
81.7175 64.6809
149.652 11.8355
50.664 121.649
102.331 58.9361
87.8931 54.851
10.3018 151.206
107.871 38.0955
71.1322 80.4188
73.6946 71.0806
77.2978 84.4194
38.6094 132.318
56.5792 86.5842
14.1361 149.951
22.5162 162.219
54.4298 92.6843
102.969 51.6798
60.5667 99.8279
65.5834 77.6165
97.2723 45.4856
74.8727 68.028
90.4943 60.2191
154.292 7.86145
124.799 33.1893
64.1593 85.7027
11.7365 153.445
22.0861 158.262
48.2071 124.27
133.223 22.863
10.2444 176.76
56.5833 89.9031
27.9639 126.429
74.6007 72.1154
86.4096 69.5033
159.585 9.43998
105.262 45.4774
86.1144 60.6437
150.681 19.4536
16.7199 150.353
52.5232 108.468
35.9557 136.047
81.7175 64.6809
149.652 11.8355
50.664 121.649
102.331 58.9361
87.8931 54.851
10.3018 151.206
107.871 38.0955
71.1322 80.4188
73.6946 71.0806
77.2978 84.4194
38.6094 132.318
56.5792 86.5842
14.1361 149.951
22.5162 162.219
54.4298 92.6843
102.969 51.6798
60.5667 99.8279
65.5834 77.6165
97.2723 45.4856
74.8727 68.028
90.4943 60.2191
154.292 7.86145
124.799 33.1893
64.1593 85.7027
11.7365 153.445
22.0861 158.262
48.2071 124.27
133.223 22.863
10.2444 176.76
56.5833 89.9031
27.9639 126.429
74.6007 72.1154
86.4096 69.5033
159.585 9.43998
105.262 45.4774
86.1144 60.6437
150.681 19.4536
16.7199 150.353
52.5232 108.468
35.9557 136.047
81.7175 64.6809
149.652 11.8355
50.664 121.649
102.331 58.9361
87.8931 54.851
10.3018 151.206
107.871 38.0955
71.1322 80.4188
73.6946 71.0806
77.2978 84.4194
38.6094 132.318
56.5792 86.5842
14.1361 149.951
22.5162 162.219
54.4298 92.6843
102.969 51.6798
60.5667 99.8279
65.5834 77.6165
97.2723 45.4856
74.8727 68.028
90.4943 60.2191
154.292 7.86145
124.799 33.1893
64.1593 85.7027
11.7365 153.445
22.0861 158.262
48.2071 124.27
133.223 22.863
10.2444 176.76
56.5833 89.9031
27.9639 126.429
74.6007 72.1154
86.4096 69.5033
159.585 9.43998
105.262 45.4774
86.1144 60.6437
150.681 19.4536
16.7199 150.353
52.5232 108.468
35.9557 136.047
81.7175 64.6809
149.652 11.8355
50.664 121.649
102.331 58.9361
87.8931 54.851
10.3018 151.206
107.871 38.0955
71.1322 80.4188
73.6946 71.0806
77.2978 84.4194
38.6094 132.318
56.5792 86.5842
14.1361 149.951
22.5162 162.219
54.4298 92.6843
102.969 51.6798
60.5667 99.8279
65.5834 77.6165
97.2723 45.4856
74.8727 68.028
90.4943 60.2191
154.292 7.86145
124.799 33.1893
64.1593 85.7027
11.7365 153.445
22.0861 158.262
48.2071 124.27
133.223 22.863
10.2444 176.76
56.5833 89.9031
27.9639 126.429
74.6007 72.1154
86.4096 69.5033
159.585 9.43998
105.262 45.4774
86.1144 60.6437
150.681 19.4536
16.7199 150.353
52.5232 108.468
35.9557 136.047
81.7175 64.6809
149.652 11.8355
50.664 121.649
102.331 58.9361
87.8931 54.851
10.3018 151.206
107.871 38.0955
71.1322 80.4188
73.6946 71.0806
77.2978 84.4194
38.6094 132.318
56.5792 86.5842
14.1361 149.951
22.5162 162.219
54.4298 92.6843
102.969 51.6798
60.5667 99.8279
65.5834 77.6165
97.2723 45.4856
74.8727 68.028
90.4943 60.2191
154.292 7.86145
124.799 33.1893
64.1593 85.7027
11.7365 153.445
22.0861 158.262
48.2071 124.27
133.223 22.863
10.2444 176.76
56.5833 89.9031
27.9639 126.429
74.6007 72.1154
86.4096 69.5033
159.585 9.43998
105.262 45.4774
86.1144 60.6437
150.681 19.4536
16.7199 150.353
52.5232 108.468
35.9557 136.047
81.7175 64.6809
149.652 11.8355
50.664 121.649
102.331 58.9361
87.8931 54.851
10.3018 151.206
107.871 38.0955
71.1322 80.4188
73.6946 71.0806
77.2978 84.4194
38.6094 132.318
56.5792 86.5842
14.1361 149.951
22.5162 162.219
54.4298 92.6843
102.969 51.6798
60.5667 99.8279
65.5834 77.6165
97.2723 45.4856
74.8727 68.028
90.4943 60.2191
154.292 7.86145
124.799 33.1893
64.1593 85.7027
11.7365 153.445
22.0861 158.262
48.2071 124.27
133.223 22.863
10.2444 176.76
56.5833 89.9031
27.9639 126.429
74.6007 72.1154
86.4096 69.5033
159.585 9.43998
105.262 45.4774
86.1144 60.6437
150.681 19.4536
16.7199 150.353
52.5232 108.468
35.9557 136.047
81.7175 64.6809
149.652 11.8355
50.664 121.649
102.331 58.9361
87.8931 54.851
10.3018 151.206
107.871 38.0955
71.1322 80.4188
73.6946 71.0806
77.2978 84.4194
38.6094 132.318
56.5792 86.5842
14.1361 149.951
22.5162 162.219
54.4298 92.6843
102.969 51.6798
60.5667 99.8279
65.5834 77.6165
97.2723 45.4856
74.8727 68.028
90.4943 60.2191
154.292 7.86145
124.799 33.1893
64.1593 85.7027
11.7365 153.445
22.0861 158.262
48.2071 124.27
133.223 22.863
10.2444 176.76
56.5833 89.9031
27.9639 126.429
74.6007 72.1154
86.4096 69.5033
159.585 9.43998
105.262 45.4774
86.1144 60.6437
150.681 19.4536
16.7199 150.353
52.5232 108.468
35.9557 136.047
81.7175 64.6809
149.652 11.8355
50.664 121.649
102.331 58.9361
87.8931 54.851
10.3018 151.206
107.871 38.0955
71.1322 80.4188
73.6946 71.0806
77.2978 84.4194
38.6094 132.318
56.5792 86.5842
14.1361 149.951
22.5162 162.219
54.4298 92.6843
102.969 51.6798
60.5667 99.8279
65.5834 77.6165
97.2723 45.4856
74.8727 68.028
90.4943 60.2191
154.292 7.86145
124.799 33.1893
64.1593 85.7027
11.7365 153.445
22.0861 158.262
48.2071 124.27
133.223 22.863
10.2444 176.76
56.5833 89.9031
27.9639 126.429
74.6007 72.1154
86.4096 69.5033
159.585 9.43998
105.262 45.4774
86.1144 60.6437
150.681 19.4536
16.7199 150.353
52.5232 108.468
35.9557 136.047
81.7175 64.6809
149.652 11.8355
50.664 121.649
102.331 58.9361
87.8931 54.851
10.3018 151.206
107.871 38.0955
71.1322 80.4188
73.6946 71.0806
77.2978 84.4194
38.6094 132.318
56.5792 86.5842
14.1361 149.951
22.5162 162.219
54.4298 92.6843
102.969 51.6798
60.5667 99.8279
65.5834 77.6165
97.2723 45.4856
74.8727 68.028
90.4943 60.2191
154.292 7.86145
124.799 33.1893
64.1593 85.7027
11.7365 153.445
22.0861 158.262
48.2071 124.27
133.223 22.863
10.2444 176.76
56.5833 89.9031
27.9639 126.429
74.6007 72.1154
86.4096 69.5033
159.585 9.43998
105.262 45.4774
86.1144 60.6437
150.681 19.4536
16.7199 150.353
52.5232 108.468
35.9557 136.047
81.7175 64.6809
149.652 11.8355
50.664 121.649
102.331 58.9361
87.8931 54.851
10.3018 151.206
107.871 38.0955
71.1322 80.4188
73.6946 71.0806
77.2978 84.4194
38.6094 132.318
56.5792 86.5842
14.1361 149.951
22.5162 162.219
54.4298 92.6843
102.969 51.6798
60.5667 99.8279
65.5834 77.6165
97.2723 45.4856
74.8727 68.028
90.4943 60.2191
154.292 7.86145
124.799 33.1893
64.1593 85.7027
11.7365 153.445
22.0861 158.262
48.2071 124.27
133.223 22.863
10.2444 176.76
56.5833 89.9031
27.9639 126.429
74.6007 72.1154
86.4096 69.5033
159.585 9.43998
105.262 45.4774
86.1144 60.6437
150.681 19.4536
16.7199 150.353
52.5232 108.468
35.9557 136.047
81.7175 64.6809
149.652 11.8355
50.664 121.649
102.331 58.9361
87.8931 54.851
10.3018 151.206
107.871 38.0955
71.1322 80.4188
73.6946 71.0806
77.2978 84.4194
38.6094 132.318
56.5792 86.5842
14.1361 149.951
22.5162 162.219
54.4298 92.6843
102.969 51.6798
60.5667 99.8279
65.5834 77.6165
97.2723 45.4856
74.8727 68.028
90.4943 60.2191
154.292 7.86145
124.799 33.1893
64.1593 85.7027
11.7365 153.445
22.0861 158.262
48.2071 124.27
133.223 22.863
10.2444 176.76
56.5833 89.9031
27.9639 126.429
74.6007 72.1154
86.4096 69.5033
159.585 9.43998
105.262 45.4774
86.1144 60.6437
150.681 19.4536
16.7199 150.353
52.5232 108.468
35.9557 136.047
81.7175 64.6809
149.652 11.8355
50.664 121.649
102.331 58.9361
87.8931 54.851
10.3018 151.206
107.871 38.0955
71.1322 80.4188
73.6946 71.0806
77.2978 84.4194
38.6094 132.318
56.5792 86.5842
14.1361 149.951
22.5162 162.219
54.4298 92.6843
102.969 51.6798
60.5667 99.8279
65.5834 77.6165
97.2723 45.4856
74.8727 68.028
90.4943 60.2191
154.292 7.86145
124.799 33.1893
64.1593 85.7027
11.7365 153.445
22.0861 158.262
48.2071 124.27
133.223 22.863
10.2444 176.76
56.5833 89.9031
27.9639 126.429
74.6007 72.1154
86.4096 69.5033
159.585 9.43998
105.262 45.4774
86.1144 60.6437
150.681 19.4536
16.7199 150.353
52.5232 108.468
35.9557 136.047
81.7175 64.6809
149.652 11.8355
50.664 121.649
102.331 58.9361
87.8931 54.851
10.3018 151.206
107.871 38.0955
71.1322 80.4188
73.6946 71.0806
77.2978 84.4194
38.6094 132.318
56.5792 86.5842
14.1361 149.951
22.5162 162.219
54.4298 92.6843
102.969 51.6798
60.5667 99.8279
65.5834 77.6165
97.2723 45.4856
74.8727 68.028
90.4943 60.2191
154.292 7.86145
124.799 33.1893
64.1593 85.7027
11.7365 153.445
22.0861 158.262
48.2071 124.27
133.223 22.863
10.2444 176.76
56.5833 89.9031
27.9639 126.429
74.6007 72.1154
86.4096 69.5033
159.585 9.43998
105.262 45.4774
86.1144 60.6437
150.681 19.4536
16.7199 150.353
52.5232 108.468
35.9557 136.047
81.7175 64.6809
149.652 11.8355
50.664 121.649
102.331 58.9361
87.8931 54.851
10.3018 151.206
107.871 38.0955
71.1322 80.4188
73.6946 71.0806
77.2978 84.4194
38.6094 132.318
56.5792 86.5842
14.1361 149.951
22.5162 162.219
54.4298 92.6843
102.969 51.6798
60.5667 99.8279
65.5834 77.6165
97.2723 45.4856
74.8727 68.028
90.4943 60.2191
154.292 7.86145
124.799 33.1893
64.1593 85.7027
11.7365 153.445
22.0861 158.262
48.2071 124.27
133.223 22.863
10.2444 176.76
56.5833 89.9031
27.9639 126.429
74.6007 72.1154
86.4096 69.5033
159.585 9.43998
105.262 45.4774
86.1144 60.6437
150.681 19.4536
16.7199 150.353
52.5232 108.468
35.9557 136.047
81.7175 64.6809
149.652 11.8355
50.664 121.649
102.331 58.9361
87.8931 54.851
10.3018 151.206
107.871 38.0955
71.1322 80.4188
73.6946 71.0806
77.2978 84.4194
38.6094 132.318
56.5792 86.5842
14.1361 149.951
22.5162 162.219
54.4298 92.6843
102.969 51.6798
60.5667 99.8279
65.5834 77.6165
97.2723 45.4856
74.8727 68.028
90.4943 60.2191
154.292 7.86145
124.799 33.1893
64.1593 85.7027
11.7365 153.445
22.0861 158.262
48.2071 124.27
133.223 22.863
10.2444 176.76
56.5833 89.9031
27.9639 126.429
74.6007 72.1154
86.4096 69.5033
159.585 9.43998
105.262 45.4774
86.1144 60.6437
150.681 19.4536
16.7199 150.353
52.5232 108.468
35.9557 136.047
81.7175 64.6809
149.652 11.8355
50.664 121.649
102.331 58.9361
87.8931 54.851
10.3018 151.206
107.871 38.0955
71.1322 80.4188
73.6946 71.0806
77.2978 84.4194
38.6094 132.318
56.5792 86.5842
14.1361 149.951
22.5162 162.219
54.4298 92.6843
102.969 51.6798
60.5667 99.8279
65.5834 77.6165
97.2723 45.4856
74.8727 68.028
90.4943 60.2191
154.292 7.86145
124.799 33.1893
64.1593 85.7027
11.7365 153.445
22.0861 158.262
48.2071 124.27
133.223 22.863
10.2444 176.76
56.5833 89.9031
27.9639 126.429
74.6007 72.1154
86.4096 69.5033
159.585 9.43998
105.262 45.4774
86.1144 60.6437
150.681 19.4536
16.7199 150.353
52.5232 108.468
35.9557 136.047
81.7175 64.6809
149.652 11.8355
50.664 121.649
102.331 58.9361
87.8931 54.851
10.3018 151.206
107.871 38.0955
71.1322 80.4188
73.6946 71.0806
77.2978 84.4194
38.6094 132.318
56.5792 86.5842
14.1361 149.951
22.5162 162.219
54.4298 92.6843
102.969 51.6798
60.5667 99.8279
65.5834 77.6165
97.2723 45.4856
74.8727 68.028
90.4943 60.2191
154.292 7.86145
124.799 33.1893
64.1593 85.7027
11.7365 153.445
22.0861 158.262
48.2071 124.27
133.223 22.863
10.2444 176.76
56.5833 89.9031
27.9639 126.429
74.6007 72.1154
86.4096 69.5033
159.585 9.43998
105.262 45.4774
86.1144 60.6437
150.681 19.4536
16.7199 150.353
52.5232 108.468
35.9557 136.047
81.7175 64.6809
149.652 11.8355
50.664 121.649
102.331 58.9361
87.8931 54.851
10.3018 151.206
107.871 38.0955
71.1322 80.4188
73.6946 71.0806
77.2978 84.4194
38.6094 132.318
56.5792 86.5842
14.1361 149.951
22.5162 162.219
54.4298 92.6843
102.969 51.6798
60.5667 99.8279
65.5834 77.6165
97.2723 45.4856
74.8727 68.028
90.4943 60.2191
154.292 7.86145
124.799 33.1893
64.1593 85.7027
11.7365 153.445
22.0861 158.262
48.2071 124.27
133.223 22.863
10.2444 176.76
56.5833 89.9031
27.9639 126.429
74.6007 72.1154
86.4096 69.5033
159.585 9.43998
105.262 45.4774
86.1144 60.6437
150.681 19.4536
16.7199 150.353
52.5232 108.468
35.9557 136.047
81.7175 64.6809
149.652 11.8355
50.664 121.649
102.331 58.9361
87.8931 54.851
10.3018 151.206
107.871 38.0955
71.1322 80.4188
73.6946 71.0806
77.2978 84.4194
38.6094 132.318
56.5792 86.5842
14.1361 149.951
22.5162 162.219
54.4298 92.6843
102.969 51.6798
60.5667 99.8279
65.5834 77.6165
97.2723 45.4856
74.8727 68.028
90.4943 60.2191
154.292 7.86145
124.799 33.1893
64.1593 85.7027
11.7365 153.445
22.0861 158.262
48.2071 124.27
133.223 22.863
10.2444 176.76
56.5833 89.9031
27.9639 126.429
74.6007 72.1154
86.4096 69.5033
159.585 9.43998
105.262 45.4774
86.1144 60.6437
150.681 19.4536
16.7199 150.353
52.5232 108.468
35.9557 136.047
81.7175 64.6809
149.652 11.8355
50.664 121.649
102.331 58.9361
87.8931 54.851
10.3018 151.206
107.871 38.0955
71.1322 80.4188
73.6946 71.0806
77.2978 84.4194
38.6094 132.318
56.5792 86.5842
14.1361 149.951
22.5162 162.219
54.4298 92.6843
102.969 51.6798
60.5667 99.8279
65.5834 77.6165
97.2723 45.4856
74.8727 68.028
90.4943 60.2191
154.292 7.86145
124.799 33.1893
64.1593 85.7027
11.7365 153.445
22.0861 158.262
48.2071 124.27
133.223 22.863
10.2444 176.76
56.5833 89.9031
27.9639 126.429
74.6007 72.1154
86.4096 69.5033
159.585 9.43998
105.262 45.4774
86.1144 60.6437
150.681 19.4536
16.7199 150.353
52.5232 108.468
35.9557 136.047
81.7175 64.6809
149.652 11.8355
50.664 121.649
102.331 58.9361
87.8931 54.851
10.3018 151.206
107.871 38.0955
71.1322 80.4188
73.6946 71.0806
77.2978 84.4194
38.6094 132.318
56.5792 86.5842
14.1361 149.951
22.5162 162.219
54.4298 92.6843
102.969 51.6798
60.5667 99.8279
65.5834 77.6165
97.2723 45.4856
74.8727 68.028
90.4943 60.2191
154.292 7.86145
124.799 33.1893
64.1593 85.7027
11.7365 153.445
22.0861 158.262
48.2071 124.27
133.223 22.863
10.2444 176.76
56.5833 89.9031
27.9639 126.429
74.6007 72.1154
86.4096 69.5033
159.585 9.43998
105.262 45.4774
86.1144 60.6437
150.681 19.4536
16.7199 150.353
52.5232 108.468
35.9557 136.047
81.7175 64.6809
149.652 11.8355
50.664 121.649
102.331 58.9361
87.8931 54.851
10.3018 151.206
107.871 38.0955
71.1322 80.4188
73.6946 71.0806
77.2978 84.4194
38.6094 132.318
56.5792 86.5842
14.1361 149.951
22.5162 162.219
54.4298 92.6843
102.969 51.6798
60.5667 99.8279
65.5834 77.6165
97.2723 45.4856
74.8727 68.028
90.4943 60.2191
154.292 7.86145
124.799 33.1893
64.1593 85.7027
11.7365 153.445
22.0861 158.262
48.2071 124.27
133.223 22.863
10.2444 176.76
56.5833 89.9031
27.9639 126.429
74.6007 72.1154
86.4096 69.5033
159.585 9.43998
105.262 45.4774
86.1144 60.6437
150.681 19.4536
16.7199 150.353
52.5232 108.468
35.9557 136.047
81.7175 64.6809
149.652 11.8355
50.664 121.649
102.331 58.9361
87.8931 54.851
10.3018 151.206
107.871 38.0955
71.1322 80.4188
73.6946 71.0806
77.2978 84.4194
38.6094 132.318
56.5792 86.5842
14.1361 149.951
22.5162 162.219
54.4298 92.6843
102.969 51.6798
60.5667 99.8279
65.5834 77.6165
97.2723 45.4856
74.8727 68.028
90.4943 60.2191
154.292 7.86145
124.799 33.1893
64.1593 85.7027
11.7365 153.445
22.0861 158.262
48.2071 124.27
133.223 22.863
10.2444 176.76
56.5833 89.9031
27.9639 126.429
74.6007 72.1154
86.4096 69.5033
159.585 9.43998
105.262 45.4774
86.1144 60.6437
150.681 19.4536
16.7199 150.353
52.5232 108.468
35.9557 136.047
81.7175 64.6809
149.652 11.8355
50.664 121.649
102.331 58.9361
87.8931 54.851
10.3018 151.206
107.871 38.0955
71.1322 80.4188
73.6946 71.0806
77.2978 84.4194
38.6094 132.318
56.5792 86.5842
14.1361 149.951
22.5162 162.219
54.4298 92.6843
102.969 51.6798
60.5667 99.8279
65.5834 77.6165
97.2723 45.4856
74.8727 68.028
90.4943 60.2191
154.292 7.86145
124.799 33.1893
64.1593 85.7027
11.7365 153.445
22.0861 158.262
48.2071 124.27
133.223 22.863
10.2444 176.76
56.5833 89.9031
27.9639 126.429
74.6007 72.1154
86.4096 69.5033
159.585 9.43998
105.262 45.4774
86.1144 60.6437
150.681 19.4536
16.7199 150.353
52.5232 108.468
35.9557 136.047
81.7175 64.6809
149.652 11.8355
50.664 121.649
102.331 58.9361
87.8931 54.851
10.3018 151.206
107.871 38.0955
71.1322 80.4188
73.6946 71.0806
77.2978 84.4194
38.6094 132.318
56.5792 86.5842
14.1361 149.951
22.5162 162.219
54.4298 92.6843
102.969 51.6798
60.5667 99.8279
65.5834 77.6165
97.2723 45.4856
74.8727 68.028
90.4943 60.2191
154.292 7.86145
124.799 33.1893
64.1593 85.7027
11.7365 153.445
22.0861 158.262
48.2071 124.27
133.223 22.863
10.2444 176.76
56.5833 89.9031
27.9639 126.429
74.6007 72.1154
86.4096 69.5033
159.585 9.43998
105.262 45.4774
86.1144 60.6437
150.681 19.4536
16.7199 150.353
52.5232 108.468
35.9557 136.047
81.7175 64.6809
149.652 11.8355
50.664 121.649
102.331 58.9361
87.8931 54.851
10.3018 151.206
107.871 38.0955
71.1322 80.4188
73.6946 71.0806
77.2978 84.4194
38.6094 132.318
56.5792 86.5842
14.1361 149.951
22.5162 162.219
54.4298 92.6843
102.969 51.6798
60.5667 99.8279
65.5834 77.6165
97.2723 45.4856
74.8727 68.028
90.4943 60.2191
154.292 7.86145
124.799 33.1893
64.1593 85.7027
11.7365 153.445
22.0861 158.262
48.2071 124.27
133.223 22.863
10.2444 176.76
56.5833 89.9031
27.9639 126.429
74.6007 72.1154
86.4096 69.5033
159.585 9.43998
105.262 45.4774
86.1144 60.6437
150.681 19.4536
16.7199 150.353
52.5232 108.468
35.9557 136.047
81.7175 64.6809
149.652 11.8355
50.664 121.649
102.331 58.9361
87.8931 54.851
10.3018 151.206
107.871 38.0955
71.1322 80.4188
73.6946 71.0806
77.2978 84.4194
38.6094 132.318
56.5792 86.5842
14.1361 149.951
22.5162 162.219
54.4298 92.6843
102.969 51.6798
60.5667 99.8279
65.5834 77.6165
97.2723 45.4856
74.8727 68.028
90.4943 60.2191
154.292 7.86145
124.799 33.1893
64.1593 85.7027
11.7365 153.445
22.0861 158.262
48.2071 124.27
133.223 22.863
10.2444 176.76
56.5833 89.9031
27.9639 126.429
74.6007 72.1154
86.4096 69.5033
159.585 9.43998
105.262 45.4774
86.1144 60.6437
150.681 19.4536
16.7199 150.353
52.5232 108.468
35.9557 136.047
81.7175 64.6809
149.652 11.8355
50.664 121.649
102.331 58.9361
87.8931 54.851
10.3018 151.206
107.871 38.0955
71.1322 80.4188
73.6946 71.0806
77.2978 84.4194
38.6094 132.318
56.5792 86.5842
14.1361 149.951
22.5162 162.219
54.4298 92.6843
102.969 51.6798
60.5667 99.8279
65.5834 77.6165
97.2723 45.4856
74.8727 68.028
90.4943 60.2191
154.292 7.86145
124.799 33.1893
64.1593 85.7027
11.7365 153.445
22.0861 158.262
48.2071 124.27
133.223 22.863
10.2444 176.76
56.5833 89.9031
27.9639 126.429
74.6007 72.1154
86.4096 69.5033
159.585 9.43998
105.262 45.4774
86.1144 60.6437
150.681 19.4536
16.7199 150.353
52.5232 108.468
35.9557 136.047
81.7175 64.6809
149.652 11.8355
50.664 121.649
102.331 58.9361
87.8931 54.851
10.3018 151.206
107.871 38.0955
71.1322 80.4188
73.6946 71.0806
77.2978 84.4194
38.6094 132.318
56.5792 86.5842
14.1361 149.951
22.5162 162.219
54.4298 92.6843
102.969 51.6798
60.5667 99.8279
65.5834 77.6165
97.2723 45.4856
74.8727 68.028
90.4943 60.2191
154.292 7.86145
124.799 33.1893
64.1593 85.7027
11.7365 153.445
22.0861 158.262
48.2071 124.27
133.223 22.863
10.2444 176.76
56.5833 89.9031
27.9639 126.429
74.6007 72.1154
86.4096 69.5033
159.585 9.43998
105.262 45.4774
86.1144 60.6437
150.681 19.4536
16.7199 150.353
52.5232 108.468
35.9557 136.047
81.7175 64.6809
149.652 11.8355
50.664 121.649
102.331 58.9361
87.8931 54.851
10.3018 151.206
107.871 38.0955
71.1322 80.4188
73.6946 71.0806
77.2978 84.4194
38.6094 132.318
56.5792 86.5842
14.1361 149.951
22.5162 162.219
54.4298 92.6843
102.969 51.6798
60.5667 99.8279
65.5834 77.6165
97.2723 45.4856
74.8727 68.028
90.4943 60.2191
154.292 7.86145
124.799 33.1893
64.1593 85.7027
11.7365 153.445
22.0861 158.262
48.2071 124.27
133.223 22.863
10.2444 176.76
56.5833 89.9031
27.9639 126.429
74.6007 72.1154
86.4096 69.5033
159.585 9.43998
105.262 45.4774
86.1144 60.6437
150.681 19.4536
16.7199 150.353
52.5232 108.468
35.9557 136.047
81.7175 64.6809
149.652 11.8355
50.664 121.649
102.331 58.9361
87.8931 54.851
10.3018 151.206
107.871 38.0955
71.1322 80.4188
73.6946 71.0806
77.2978 84.4194
38.6094 132.318
56.5792 86.5842
14.1361 149.951
22.5162 162.219
54.4298 92.6843
102.969 51.6798
60.5667 99.8279
65.5834 77.6165
97.2723 45.4856
74.8727 68.028
90.4943 60.2191
154.292 7.86145
124.799 33.1893
64.1593 85.7027
11.7365 153.445
22.0861 158.262
48.2071 124.27
133.223 22.863
10.2444 176.76
56.5833 89.9031
27.9639 126.429
74.6007 72.1154
86.4096 69.5033
159.585 9.43998
105.262 45.4774
86.1144 60.6437
87.6635 66.9082
101.872 45.757
86.431 68.4381
103.42 46.8685
43.6589 108.881
97.7735 57.5053
92.2745 57.2454
45.0379 101.337
76.7989 73.3643
173.147 2.28582
51.8601 116.011
167.271 2.24301
159.867 11.3342
119.492 35.123
67.8426 94.5265
5.5436 162.812
58.1207 103.747
107.357 48.3445
85.5428 56.1994
106.827 44.0685
53.306 97.7728
81.3914 77.9625
17.296 149.425
79.9356 68.8033
69.7212 79.493
75.2189 70.017
56.9692 111.102
162.376 4.9864
93.4955 50.3524
85.5049 69.7107
47.1794 103.44
109.757 54.2158
109.981 53.5943
24.8356 153.765
165.035 3.09847
87.2747 57.7381
94.2648 50.9962
85.9894 69.26
27.44 150.362
68.1424 81.9102
150.681 19.4536
16.7199 150.353
52.5232 108.468
35.9557 136.047
81.7175 64.6809
149.652 11.8355
50.664 121.649
102.331 58.9361
87.8931 54.851
10.3018 151.206
107.871 38.0955
71.1322 80.4188
73.6946 71.0806
77.2978 84.4194
38.6094 132.318
56.5792 86.5842
14.1361 149.951
22.5162 162.219
54.4298 92.6843
102.969 51.6798
60.5667 99.8279
65.5834 77.6165
97.2723 45.4856
74.8727 68.028
90.4943 60.2191
154.292 7.86145
124.799 33.1893
64.1593 85.7027
11.7365 153.445
22.0861 158.262
48.2071 124.27
133.223 22.863
10.2444 176.76
56.5833 89.9031
27.9639 126.429
74.6007 72.1154
86.4096 69.5033
159.585 9.43998
105.262 45.4774
86.1144 60.6437
87.6635 66.9082
101.872 45.757
86.431 68.4381
103.42 46.8685
43.6589 108.881
97.7735 57.5053
92.2745 57.2454
45.0379 101.337
76.7989 73.3643
173.147 2.28582
51.8601 116.011
167.271 2.24301
159.867 11.3342
119.492 35.123
67.8426 94.5265
5.5436 162.812
58.1207 103.747
107.357 48.3445
85.5428 56.1994
106.827 44.0685
53.306 97.7728
81.3914 77.9625
17.296 149.425
79.9356 68.8033
69.7212 79.493
75.2189 70.017
56.9692 111.102
162.376 4.9864
93.4955 50.3524
85.5049 69.7107
47.1794 103.44
109.757 54.2158
109.981 53.5943
24.8356 153.765
165.035 3.09847
87.2747 57.7381
94.2648 50.9962
85.9894 69.26
27.44 150.362
68.1424 81.9102
44.366 104.432
82.8614 76.3294
96.4377 47.313
43.0806 111.932
71.0055 76.1589
88.2033 77.0706
167.424 4.67215
94.4495 55.3222
66.797 94.4184
120.67 45.1821
74.3137 67.9857
88.6326 72.8413
97.6332 50.3786
113.132 46.0787
57.7685 97.6394
79.4703 65.6205
75.232 68.74
79.5491 73.782
35.6515 112.403
132.6 27.885
56.0881 111.555
176.376 7.02339
164.702 11.1512
76.3275 66.1369
68.9152 72.1438
93.4429 70.5627
74.6602 67.441
60.7241 108.495
105.028 58.2136
137.825 22.77
35.6 118.484
107.08 49.5584
26.9226 129.551
52.9464 119.035
140.155 17.621
106.753 51.1413
8.49208 172.2
57.1933 94.2769
64.3827 94.5765
165.419 1.92508
80.8048 52.0274
88.0553 59.2203
40.6958 111.932
6.9101 172.313
159.089 4.67215
47.1297 102.196
28.1283 109.069
67.1335 66.5968
49.1938 96.6392
61.3686 104.341
13.5498 174.616
86.5883 67.936
57.957 118.236
14.2079 145.016
140.38 21.9836
62.5601 82.7037
7.60005 172.313
38.4671 95.3379
