1000 38 35 28.5056
1000 38 35.2 28.0006
1000 38 35.4 27.4786
1000 38 35.6 27.0381
1000 38 35.8 26.5872
1000 38 36 26.0795
1000 38 36.2 25.6771
1000 38 36.4 25.1758
1000 38 36.6 24.6784
1000 38 36.8 24.2635
1000 38 37 23.7414
1000 38 37.2 23.295
1000 38 37.4 22.8476
1000 38 37.6 22.3499
1000 38 37.8 21.8472
1000 38 38 21.405
1000 38 38.2 20.9386
1000 38 38.4 20.4435
1000 38 38.6 19.9973
1000 38 38.8 19.5087
1000 38 39 19.0247
1000 38 39.2 18.5891
1000 38 39.4 18.0881
1000 38 39.6 17.5605
1000 38 39.8 17.1349
1000 38.2 35 27.6498
1000 38.2 35.2 27.11
1000 38.2 35.4 26.5463
1000 38.2 35.6 26.081
1000 38.2 35.8 25.5983
1000 38.2 36 25.046
1000 38.2 36.2 24.5929
1000 38.2 36.4 24.0589
1000 38.2 36.6 23.5353
1000 38.2 36.8 23.0682
1000 38.2 37 22.4695
1000 38.2 37.2 22.018
1000 38.2 37.4 21.5325
1000 38.2 37.6 21.0182
1000 38.2 37.8 20.4601
1000 38.2 38 20.0127
1000 38.2 38.2 19.5043
1000 38.2 38.4 18.955
1000 38.2 38.6 18.4869
1000 38.2 38.8 18.004
1000 38.2 39 17.4697
1000 38.2 39.2 17.0016
1000 38.2 39.4 16.4629
1000 38.2 39.6 15.8863
1000 38.2 39.8 15.4526
1000 38.4 35 26.7563
1000 38.4 35.2 26.1781
1000 38.4 35.4 25.5859
1000 38.4 35.6 25.096
1000 38.4 35.8 24.5845
1000 38.4 36 23.9688
1000 38.4 36.2 23.5196
1000 38.4 36.4 22.9275
1000 38.4 36.6 22.3661
1000 38.4 36.8 21.8469
1000 38.4 37 21.2451
1000 38.4 37.2 20.7317
1000 38.4 37.4 20.198
1000 38.4 37.6 19.6562
1000 38.4 37.8 19.0686
1000 38.4 38 18.6035
1000 38.4 38.2 18.0225
1000 38.4 38.4 17.4113
1000 38.4 38.6 16.9642
1000 38.4 38.8 16.4237
1000 38.4 39 15.884
1000 38.4 39.2 15.4063
1000 38.4 39.4 14.8367
1000 38.4 39.6 14.2319
1000 38.4 39.8 13.7648
1000 38.6 35 25.844
1000 38.6 35.2 25.2347
1000 38.6 35.4 24.6099
1000 38.6 35.6 24.0772
1000 38.6 35.8 23.5369
1000 38.6 36 22.8649
1000 38.6 36.2 22.3694
1000 38.6 36.4 21.7529
1000 38.6 36.6 21.169
1000 38.6 36.8 20.5983
1000 38.6 37 20.0006
1000 38.6 37.2 19.4213
1000 38.6 37.4 18.8444
1000 38.6 37.6 18.2789
1000 38.6 37.8 17.6559
1000 38.6 38 17.1257
1000 38.6 38.2 16.5537
1000 38.6 38.4 15.9029
1000 38.6 38.6 15.4085
1000 38.6 38.8 14.848
1000 38.6 39 14.3266
1000 38.6 39.2 13.8392
1000 38.6 39.4 13.2357
1000 38.6 39.6 12.6302
1000 38.6 39.8 12.1474
1000 38.8 35 24.8994
1000 38.8 35.2 24.2686
1000 38.8 35.4 23.619
1000 38.8 35.6 23.0202
1000 38.8 35.8 22.4586
1000 38.8 36 21.7332
1000 38.8 36.2 21.2041
1000 38.8 36.4 20.5527
1000 38.8 36.6 19.9203
1000 38.8 36.8 19.3237
1000 38.8 37 18.7237
1000 38.8 37.2 18.08
1000 38.8 37.4 17.4695
1000 38.8 37.6 16.8674
1000 38.8 37.8 16.2309
1000 38.8 38 15.6934
1000 38.8 38.2 15.0835
1000 38.8 38.4 14.4043
1000 38.8 38.6 13.9114
1000 38.8 38.8 13.2794
1000 38.8 39 12.7745
1000 38.8 39.2 12.263
1000 38.8 39.4 11.7142
1000 38.8 39.6 11.0766
1000 38.8 39.8 10.607
1000 39 35 23.9215
1000 39 35.2 23.2622
1000 39 35.4 22.5936
1000 39 35.6 21.9359
1000 39 35.8 21.3658
1000 39 36 20.563
1000 39 36.2 19.986
1000 39 36.4 19.3216
1000 39 36.6 18.6736
1000 39 36.8 18.0268
1000 39 37 17.4438
1000 39 37.2 16.7303
1000 39 37.4 16.0765
1000 39 37.6 15.4579
1000 39 37.8 14.779
1000 39 38 14.2423
1000 39 38.2 13.6107
1000 39 38.4 12.9145
1000 39 38.6 12.4169
1000 39 38.8 11.7429
1000 39 39 11.2798
1000 39 39.2 10.771
1000 39 39.4 10.2322
1000 39 39.6 9.63486
1000 39 39.8 9.20374
1000 39.2 35 22.9098
1000 39.2 35.2 22.226
1000 39.2 35.4 21.5023
1000 39.2 35.6 20.8449
1000 39.2 35.8 20.2168
1000 39.2 36 19.3869
1000 39.2 36.2 18.753
1000 39.2 36.4 18.0637
1000 39.2 36.6 17.3842
1000 39.2 36.8 16.7291
1000 39.2 37 16.1278
1000 39.2 37.2 15.373
1000 39.2 37.4 14.6933
1000 39.2 37.6 14.0466
1000 39.2 37.8 13.3582
1000 39.2 38 12.7988
1000 39.2 38.2 12.1658
1000 39.2 38.4 11.4793
1000 39.2 38.6 10.9951
1000 39.2 38.8 10.308
1000 39.2 39 9.86757
1000 39.2 39.2 9.39138
1000 39.2 39.4 8.88964
1000 39.2 39.6 8.42917
1000 39.2 39.8 8.03641
1000 39.4 35 21.8643
1000 39.4 35.2 21.1601
1000 39.4 35.4 20.4295
1000 39.4 35.6 19.694
1000 39.4 35.8 19.0551
1000 39.4 36 18.165
1000 39.4 36.2 17.4905
1000 39.4 36.4 16.76
1000 39.4 36.6 16.1256
1000 39.4 36.8 15.3959
1000 39.4 37 14.8187
1000 39.4 37.2 14.0065
1000 39.4 37.4 13.3046
1000 39.4 37.6 12.6303
1000 39.4 37.8 11.9479
1000 39.4 38 11.4106
1000 39.4 38.2 10.7743
1000 39.4 38.4 10.1183
1000 39.4 38.6 9.62048
1000 39.4 38.8 9.0135
1000 39.4 39 8.65188
1000 39.4 39.2 8.29775
1000 39.4 39.4 7.81215
1000 39.4 39.6 7.5639
1000 39.4 39.8 7.31313
1000 39.6 35 20.7858
1000 39.6 35.2 20.072
1000 39.6 35.4 19.3228
1000 39.6 35.6 18.5311
1000 39.6 35.8 17.8668
1000 39.6 36 16.9241
1000 39.6 36.2 16.2239
1000 39.6 36.4 15.4671
1000 39.6 36.6 14.8233
1000 39.6 36.8 14.0654
1000 39.6 37 13.5171
1000 39.6 37.2 12.6724
1000 39.6 37.4 11.9429
1000 39.6 37.6 11.3254
1000 39.6 37.8 10.632
1000 39.6 38 10.0779
1000 39.6 38.2 9.48433
1000 39.6 38.4 8.88599
1000 39.6 38.6 8.40821
1000 39.6 38.8 7.96374
1000 39.6 39 7.73127
1000 39.6 39.2 7.47849
1000 39.6 39.4 7.15799
1000 39.6 39.6 7.20999
1000 39.6 39.8 7.20948
1000 39.8 35 19.676
1000 39.8 35.2 18.9464
1000 39.8 35.4 18.1722
1000 39.8 35.6 17.3427
1000 39.8 35.8 16.6504
1000 39.8 36 15.6697
1000 39.8 36.2 14.9404
1000 39.8 36.4 14.1573
1000 39.8 36.6 13.5117
1000 39.8 36.8 12.7495
1000 39.8 37 12.193
1000 39.8 37.2 11.354
1000 39.8 37.4 10.6329
1000 39.8 37.6 10.0436
1000 39.8 37.8 9.40355
1000 39.8 38 8.87825
1000 39.8 38.2 8.43099
1000 39.8 38.4 7.95614
1000 39.8 38.6 7.47885
1000 39.8 38.8 7.28844
1000 39.8 39 7.26487
1000 39.8 39.2 7.16136
1000 39.8 39.4 7.09185
1000 39.8 39.6 7.57468
1000 39.8 39.8 7.77188
1000 40 35 18.5376
1000 40 35.2 17.7902
1000 40 35.4 17.0103
1000 40 35.6 16.1621
1000 40 35.8 15.4296
1000 40 36 14.4138
1000 40 36.2 13.6596
1000 40 36.4 12.8718
1000 40 36.6 12.2313
1000 40 36.8 11.5154
1000 40 37 10.9558
1000 40 37.2 10.1137
1000 40 37.4 9.4243
1000 40 37.6 8.90211
1000 40 37.8 8.35794
1000 40 38 7.94079
1000 40 38.2 7.63693
1000 40 38.4 7.27993
1000 40 38.6 6.96188
1000 40 38.8 7.19384
1000 40 39 7.16086
1000 40 39.2 7.55108
1000 40 39.4 7.65286
1000 40 39.6 8.44183
1000 40 39.8 8.84965
1000 40.2 35 17.3755
1000 40.2 35.2 16.6156
1000 40.2 35.4 15.8594
1000 40.2 35.6 14.9587
1000 40.2 35.8 14.1804
1000 40.2 36 13.1851
1000 40.2 36.2 12.4725
1000 40.2 36.4 11.6964
1000 40.2 36.6 10.9958
1000 40.2 36.8 10.2948
1000 40.2 37 9.83071
1000 40.2 37.2 8.99943
1000 40.2 37.4 8.4306
1000 40.2 37.6 7.94821
1000 40.2 37.8 7.63785
1000 40.2 38 7.44927
1000 40.2 38.2 7.29225
1000 40.2 38.4 7.1876
1000 40.2 38.6 7.06323
1000 40.2 38.8 7.67109
1000 40.2 39 7.75328
1000 40.2 39.2 8.43558
1000 40.2 39.4 8.81096
1000 40.2 39.6 9.82704
1000 40.2 39.8 10.4195
1000 40.4 35 16.2529
1000 40.4 35.2 15.4287
1000 40.4 35.4 14.653
1000 40.4 35.6 13.7516
1000 40.4 35.8 12.9707
1000 40.4 36 11.8829
1000 40.4 36.2 11.293
1000 40.4 36.4 10.5534
1000 40.4 36.6 9.8528
1000 40.4 36.8 9.24877
1000 40.4 37 8.84626
1000 40.4 37.2 8.11107
1000 40.4 37.4 7.70021
1000 40.4 37.6 7.42012
1000 40.4 37.8 7.42967
1000 40.4 38 7.39662
1000 40.4 38.2 7.54561
1000 40.4 38.4 7.76597
1000 40.4 38.6 7.74141
1000 40.4 38.8 8.6443
1000 40.4 39 9.05589
1000 40.4 39.2 9.84016
1000 40.4 39.4 10.3325
1000 40.4 39.6 11.7036
1000 40.4 39.8 12.2861
1000 40.6 35 15.0729
1000 40.6 35.2 14.2078
1000 40.6 35.4 13.4929
1000 40.6 35.6 12.5911
1000 40.6 35.8 11.8032
1000 40.6 36 10.7276
1000 40.6 36.2 10.1892
1000 40.6 36.4 9.49656
1000 40.6 36.6 8.89716
1000 40.6 36.8 8.36029
1000 40.6 37 8.14766
1000 40.6 37.2 7.46711
1000 40.6 37.4 7.41873
1000 40.6 37.6 7.43334
1000 40.6 37.8 7.65927
1000 40.6 38 7.76938
1000 40.6 38.2 8.20337
1000 40.6 38.4 8.85708
1000 40.6 38.6 9.03958
1000 40.6 38.8 10.0252
1000 40.6 39 10.9811
1000 40.6 39.2 11.4268
1000 40.6 39.4 12.2567
1000 40.6 39.6 13.7786
1000 40.6 39.8 14.4206
1000 40.8 35 13.9007
1000 40.8 35.2 13.0479
1000 40.8 35.4 12.338
1000 40.8 35.6 11.4784
1000 40.8 35.8 10.6745
1000 40.8 36 9.64807
1000 40.8 36.2 9.22004
1000 40.8 36.4 8.66042
1000 40.8 36.6 8.21321
1000 40.8 36.8 7.89322
1000 40.8 37 7.76054
1000 40.8 37.2 7.46081
1000 40.8 37.4 7.64435
1000 40.8 37.6 7.99416
1000 40.8 37.8 8.34733
1000 40.8 38 8.7495
1000 40.8 38.2 9.30584
1000 40.8 38.4 10.3029
1000 40.8 38.6 10.3752
1000 40.8 38.8 11.7795
1000 40.8 39 12.5557
1000 40.8 39.2 13.3247
1000 40.8 39.4 14.3817
1000 40.8 39.6 16.2394
1000 40.8 39.8 16.7023
1000 41 35 12.7865
1000 41 35.2 11.9433
1000 41 35.4 11.2564
1000 41 35.6 10.4713
1000 41 35.8 9.66332
1000 41 36 8.94853
1000 41 36.2 8.50955
1000 41 36.4 8.15188
1000 41 36.6 7.94879
1000 41 36.8 7.92061
1000 41 37 7.85399
1000 41 37.2 7.91113
1000 41 37.4 8.39489
1000 41 37.6 9.0571
1000 41 37.8 9.61157
1000 41 38 10.0989
1000 41 38.2 10.7976
1000 41 38.4 12.0447
1000 41 38.6 12.1586
1000 41 38.8 13.7433
1000 41 39 14.7142
1000 41 39.2 15.4386
1000 41 39.4 16.6155
1000 41 39.6 18.4612
1000 41 39.8 19.0227
1000 41.2 35 11.7085
1000 41.2 35.2 10.8827
1000 41.2 35.4 10.2767
1000 41.2 35.6 9.6115
1000 41.2 35.8 8.89872
1000 41.2 36 8.50265
1000 41.2 36.2 8.14969
1000 41.2 36.4 8.13938
1000 41.2 36.6 8.07297
1000 41.2 36.8 8.47729
1000 41.2 37 8.39426
1000 41.2 37.2 8.88431
1000 41.2 37.4 9.54155
1000 41.2 37.6 10.6423
1000 41.2 37.8 11.278
1000 41.2 38 11.7877
1000 41.2 38.2 12.6184
1000 41.2 38.4 13.9157
1000 41.2 38.6 14.212
1000 41.2 38.8 15.9008
1000 41.2 39 16.9416
1000 41.2 39.2 17.6831
1000 41.2 39.4 19.2561
1000 41.2 39.6 20.9261
1000 41.2 39.8 21.1187
1000 41.4 35 10.729
1000 41.4 35.2 9.96341
1000 41.4 35.4 9.47648
1000 41.4 35.6 9.00427
1000 41.4 35.8 8.4592
1000 41.4 36 8.44706
1000 41.4 36.2 8.24772
1000 41.4 36.4 8.58408
1000 41.4 36.6 8.69507
1000 41.4 36.8 9.30363
1000 41.4 37 9.66141
1000 41.4 37.2 10.2798
1000 41.4 37.4 11.3327
1000 41.4 37.6 12.3534
1000 41.4 37.8 12.9014
1000 41.4 38 13.5805
1000 41.4 38.2 14.8727
1000 41.4 38.4 16.0877
1000 41.4 38.6 16.3665
1000 41.4 38.8 18.4372
1000 41.4 39 19.4492
1000 41.4 39.2 20.1723
1000 41.4 39.4 21.6922
1000 41.4 39.6 23.5222
1000 41.4 39.8 23.8065
1000 41.6 35 9.90375
1000 41.6 35.2 9.33756
1000 41.6 35.4 8.97604
1000 41.6 35.6 8.73081
1000 41.6 35.8 8.44144
1000 41.6 36 8.84957
1000 41.6 36.2 8.82042
1000 41.6 36.4 9.49277
1000 41.6 36.6 9.85121
1000 41.6 36.8 10.6885
1000 41.6 37 11.113
1000 41.6 37.2 11.8333
1000 41.6 37.4 13.1652
1000 41.6 37.6 14.2023
1000 41.6 37.8 15.03
1000 41.6 38 16.1766
1000 41.6 38.2 17.0422
1000 41.6 38.4 18.445
1000 41.6 38.6 18.8103
1000 41.6 38.8 20.6903
1000 41.6 39 21.9307
1000 41.6 39.2 22.6347
1000 41.6 39.4 24.095
1000 41.6 39.6 26.1634
1000 41.6 39.8 26.5501
1000 41.8 35 9.37049
1000 41.8 35.2 9.04899
1000 41.8 35.4 8.8944
1000 41.8 35.6 8.89671
1000 41.8 35.8 8.76576
1000 41.8 36 9.64529
1000 41.8 36.2 9.84417
1000 41.8 36.4 10.7769
1000 41.8 36.6 11.2436
1000 41.8 36.8 12.2244
1000 41.8 37 12.8343
1000 41.8 37.2 13.7102
1000 41.8 37.4 15.1909
1000 41.8 37.6 16.3165
1000 41.8 37.8 17.1812
1000 41.8 38 18.4256
1000 41.8 38.2 19.3722
1000 41.8 38.4 20.7818
1000 41.8 38.6 21.2073
1000 41.8 38.8 23.4239
1000 41.8 39 24.0707
1000 41.8 39.2 25.2232
1000 41.8 39.4 26.8664
1000 41.8 39.6 28.9385
1000 41.8 39.8 29.3367
