28.5056 38 35
28.0006 38 35.2
27.4786 38 35.4
27.0381 38 35.6
26.5872 38 35.8
26.0795 38 36
25.6771 38 36.2
25.1758 38 36.4
24.6784 38 36.6
24.2635 38 36.8
23.7414 38 37
23.295 38 37.2
22.8476 38 37.4
22.3499 38 37.6
21.8472 38 37.8
21.405 38 38
20.9386 38 38.2
20.4435 38 38.4
19.9973 38 38.6
19.5087 38 38.8
19.0247 38 39
18.5891 38 39.2
18.0881 38 39.4
17.5605 38 39.6
17.1349 38 39.8
27.6498 38.2 35
27.11 38.2 35.2
26.5463 38.2 35.4
26.081 38.2 35.6
25.5983 38.2 35.8
25.046 38.2 36
24.5929 38.2 36.2
24.0589 38.2 36.4
23.5353 38.2 36.6
23.0682 38.2 36.8
22.4695 38.2 37
22.018 38.2 37.2
21.5325 38.2 37.4
21.0182 38.2 37.6
20.4601 38.2 37.8
20.0127 38.2 38
19.5043 38.2 38.2
18.955 38.2 38.4
18.4869 38.2 38.6
18.004 38.2 38.8
17.4697 38.2 39
17.0016 38.2 39.2
16.4629 38.2 39.4
15.8863 38.2 39.6
15.4526 38.2 39.8
26.7563 38.4 35
26.1781 38.4 35.2
25.5859 38.4 35.4
25.096 38.4 35.6
24.5845 38.4 35.8
23.9688 38.4 36
23.5196 38.4 36.2
22.9275 38.4 36.4
22.3661 38.4 36.6
21.8469 38.4 36.8
21.2451 38.4 37
20.7317 38.4 37.2
20.198 38.4 37.4
19.6562 38.4 37.6
19.0686 38.4 37.8
18.6035 38.4 38
18.0225 38.4 38.2
17.4113 38.4 38.4
16.9642 38.4 38.6
16.4237 38.4 38.8
15.884 38.4 39
15.4063 38.4 39.2
14.8367 38.4 39.4
14.2319 38.4 39.6
13.7648 38.4 39.8
25.844 38.6 35
25.2347 38.6 35.2
24.6099 38.6 35.4
24.0772 38.6 35.6
23.5369 38.6 35.8
22.8649 38.6 36
22.3694 38.6 36.2
21.7529 38.6 36.4
21.169 38.6 36.6
20.5983 38.6 36.8
20.0006 38.6 37
19.4213 38.6 37.2
18.8444 38.6 37.4
18.2789 38.6 37.6
17.6559 38.6 37.8
17.1257 38.6 38
16.5537 38.6 38.2
15.9029 38.6 38.4
15.4085 38.6 38.6
14.848 38.6 38.8
14.3266 38.6 39
13.8392 38.6 39.2
13.2357 38.6 39.4
12.6302 38.6 39.6
12.1474 38.6 39.8
24.8994 38.8 35
24.2686 38.8 35.2
23.619 38.8 35.4
23.0202 38.8 35.6
22.4586 38.8 35.8
21.7332 38.8 36
21.2041 38.8 36.2
20.5527 38.8 36.4
19.9203 38.8 36.6
19.3237 38.8 36.8
18.7237 38.8 37
18.08 38.8 37.2
17.4695 38.8 37.4
16.8674 38.8 37.6
16.2309 38.8 37.8
15.6934 38.8 38
15.0835 38.8 38.2
14.4043 38.8 38.4
13.9114 38.8 38.6
13.2794 38.8 38.8
12.7745 38.8 39
12.263 38.8 39.2
11.7142 38.8 39.4
11.0766 38.8 39.6
10.607 38.8 39.8
23.9215 39 35
23.2622 39 35.2
22.5936 39 35.4
21.9359 39 35.6
21.3658 39 35.8
20.563 39 36
19.986 39 36.2
19.3216 39 36.4
18.6736 39 36.6
18.0268 39 36.8
17.4438 39 37
16.7303 39 37.2
16.0765 39 37.4
15.4579 39 37.6
14.779 39 37.8
14.2423 39 38
13.6107 39 38.2
12.9145 39 38.4
12.4169 39 38.6
11.7429 39 38.8
11.2798 39 39
10.771 39 39.2
10.2322 39 39.4
9.63486 39 39.6
9.20374 39 39.8
22.9098 39.2 35
22.226 39.2 35.2
21.5023 39.2 35.4
20.8449 39.2 35.6
20.2168 39.2 35.8
19.3869 39.2 36
18.753 39.2 36.2
18.0637 39.2 36.4
17.3842 39.2 36.6
16.7291 39.2 36.8
16.1278 39.2 37
15.373 39.2 37.2
14.6933 39.2 37.4
14.0466 39.2 37.6
13.3582 39.2 37.8
12.7988 39.2 38
12.1658 39.2 38.2
11.4793 39.2 38.4
10.9951 39.2 38.6
10.308 39.2 38.8
9.86757 39.2 39
9.39138 39.2 39.2
8.88964 39.2 39.4
8.42917 39.2 39.6
8.03641 39.2 39.8
21.8643 39.4 35
21.1601 39.4 35.2
20.4295 39.4 35.4
19.694 39.4 35.6
19.0551 39.4 35.8
18.165 39.4 36
17.4905 39.4 36.2
16.76 39.4 36.4
16.1256 39.4 36.6
15.3959 39.4 36.8
14.8187 39.4 37
14.0065 39.4 37.2
13.3046 39.4 37.4
12.6303 39.4 37.6
11.9479 39.4 37.8
11.4106 39.4 38
10.7743 39.4 38.2
10.1183 39.4 38.4
9.62048 39.4 38.6
9.0135 39.4 38.8
8.65188 39.4 39
8.29775 39.4 39.2
7.81215 39.4 39.4
7.5639 39.4 39.6
7.31313 39.4 39.8
20.7858 39.6 35
20.072 39.6 35.2
19.3228 39.6 35.4
18.5311 39.6 35.6
17.8668 39.6 35.8
16.9241 39.6 36
16.2239 39.6 36.2
15.4671 39.6 36.4
14.8233 39.6 36.6
14.0654 39.6 36.8
13.5171 39.6 37
12.6724 39.6 37.2
11.9429 39.6 37.4
11.3254 39.6 37.6
10.632 39.6 37.8
10.0779 39.6 38
9.48433 39.6 38.2
8.88599 39.6 38.4
8.40821 39.6 38.6
7.96374 39.6 38.8
7.73127 39.6 39
7.47849 39.6 39.2
7.15799 39.6 39.4
7.20999 39.6 39.6
7.20948 39.6 39.8
19.676 39.8 35
18.9464 39.8 35.2
18.1722 39.8 35.4
17.3427 39.8 35.6
16.6504 39.8 35.8
15.6697 39.8 36
14.9404 39.8 36.2
14.1573 39.8 36.4
13.5117 39.8 36.6
12.7495 39.8 36.8
12.193 39.8 37
11.354 39.8 37.2
10.6329 39.8 37.4
10.0436 39.8 37.6
9.40355 39.8 37.8
8.87825 39.8 38
8.43099 39.8 38.2
7.95614 39.8 38.4
7.47885 39.8 38.6
7.28844 39.8 38.8
7.26487 39.8 39
7.16136 39.8 39.2
7.09185 39.8 39.4
7.57468 39.8 39.6
7.77188 39.8 39.8
18.5376 40 35
17.7902 40 35.2
17.0103 40 35.4
16.1621 40 35.6
15.4296 40 35.8
14.4138 40 36
13.6596 40 36.2
12.8718 40 36.4
12.2313 40 36.6
11.5154 40 36.8
10.9558 40 37
10.1137 40 37.2
9.4243 40 37.4
8.90211 40 37.6
8.35794 40 37.8
7.94079 40 38
7.63693 40 38.2
7.27993 40 38.4
6.96188 40 38.6
7.19384 40 38.8
7.16086 40 39
7.55108 40 39.2
7.65286 40 39.4
8.44183 40 39.6
8.84965 40 39.8
17.3755 40.2 35
16.6156 40.2 35.2
15.8594 40.2 35.4
14.9587 40.2 35.6
14.1804 40.2 35.8
13.1851 40.2 36
12.4725 40.2 36.2
11.6964 40.2 36.4
10.9958 40.2 36.6
10.2948 40.2 36.8
9.83071 40.2 37
8.99943 40.2 37.2
8.4306 40.2 37.4
7.94821 40.2 37.6
7.63785 40.2 37.8
7.44927 40.2 38
7.29225 40.2 38.2
7.1876 40.2 38.4
7.06323 40.2 38.6
7.67109 40.2 38.8
7.75328 40.2 39
8.43558 40.2 39.2
8.81096 40.2 39.4
9.82704 40.2 39.6
10.4195 40.2 39.8
16.2529 40.4 35
15.4287 40.4 35.2
14.653 40.4 35.4
13.7516 40.4 35.6
12.9707 40.4 35.8
11.8829 40.4 36
11.293 40.4 36.2
10.5534 40.4 36.4
9.8528 40.4 36.6
9.24877 40.4 36.8
8.84626 40.4 37
8.11107 40.4 37.2
7.70021 40.4 37.4
7.42012 40.4 37.6
7.42967 40.4 37.8
7.39662 40.4 38
7.54561 40.4 38.2
7.76597 40.4 38.4
7.74141 40.4 38.6
8.6443 40.4 38.8
9.05589 40.4 39
9.84016 40.4 39.2
10.3325 40.4 39.4
11.7036 40.4 39.6
12.2861 40.4 39.8
15.0729 40.6 35
14.2078 40.6 35.2
13.4929 40.6 35.4
12.5911 40.6 35.6
11.8032 40.6 35.8
10.7276 40.6 36
10.1892 40.6 36.2
9.49656 40.6 36.4
8.89716 40.6 36.6
8.36029 40.6 36.8
8.14766 40.6 37
7.46711 40.6 37.2
7.41873 40.6 37.4
7.43334 40.6 37.6
7.65927 40.6 37.8
7.76938 40.6 38
8.20337 40.6 38.2
8.85708 40.6 38.4
9.03958 40.6 38.6
10.0252 40.6 38.8
10.9811 40.6 39
11.4268 40.6 39.2
12.2567 40.6 39.4
13.7786 40.6 39.6
14.4206 40.6 39.8
13.9007 40.8 35
13.0479 40.8 35.2
12.338 40.8 35.4
11.4784 40.8 35.6
10.6745 40.8 35.8
9.64807 40.8 36
9.22004 40.8 36.2
8.66042 40.8 36.4
8.21321 40.8 36.6
7.89322 40.8 36.8
7.76054 40.8 37
7.46081 40.8 37.2
7.64435 40.8 37.4
7.99416 40.8 37.6
8.34733 40.8 37.8
8.7495 40.8 38
9.30584 40.8 38.2
10.3029 40.8 38.4
10.3752 40.8 38.6
11.7795 40.8 38.8
12.5557 40.8 39
13.3247 40.8 39.2
14.3817 40.8 39.4
16.2394 40.8 39.6
16.7023 40.8 39.8
12.7865 41 35
11.9433 41 35.2
11.2564 41 35.4
10.4713 41 35.6
9.66332 41 35.8
8.94853 41 36
8.50955 41 36.2
8.15188 41 36.4
7.94879 41 36.6
7.92061 41 36.8
7.85399 41 37
7.91113 41 37.2
8.39489 41 37.4
9.0571 41 37.6
9.61157 41 37.8
10.0989 41 38
10.7976 41 38.2
12.0447 41 38.4
12.1586 41 38.6
13.7433 41 38.8
14.7142 41 39
15.4386 41 39.2
16.6155 41 39.4
18.4612 41 39.6
19.0227 41 39.8
11.7085 41.2 35
10.8827 41.2 35.2
10.2767 41.2 35.4
9.6115 41.2 35.6
8.89872 41.2 35.8
8.50265 41.2 36
8.14969 41.2 36.2
8.13938 41.2 36.4
8.07297 41.2 36.6
8.47729 41.2 36.8
8.39426 41.2 37
8.88431 41.2 37.2
9.54155 41.2 37.4
10.6423 41.2 37.6
11.278 41.2 37.8
11.7877 41.2 38
12.6184 41.2 38.2
13.9157 41.2 38.4
14.212 41.2 38.6
15.9008 41.2 38.8
16.9416 41.2 39
17.6831 41.2 39.2
19.2561 41.2 39.4
20.9261 41.2 39.6
21.1187 41.2 39.8
10.729 41.4 35
9.96341 41.4 35.2
9.47648 41.4 35.4
9.00427 41.4 35.6
8.4592 41.4 35.8
8.44706 41.4 36
8.24772 41.4 36.2
8.58408 41.4 36.4
8.69507 41.4 36.6
9.30363 41.4 36.8
9.66141 41.4 37
10.2798 41.4 37.2
11.3327 41.4 37.4
12.3534 41.4 37.6
12.9014 41.4 37.8
13.5805 41.4 38
14.8727 41.4 38.2
16.0877 41.4 38.4
16.3665 41.4 38.6
18.4372 41.4 38.8
19.4492 41.4 39
20.1723 41.4 39.2
21.6922 41.4 39.4
23.5222 41.4 39.6
23.8065 41.4 39.8
9.90375 41.6 35
9.33756 41.6 35.2
8.97604 41.6 35.4
8.73081 41.6 35.6
8.44144 41.6 35.8
8.84957 41.6 36
8.82042 41.6 36.2
9.49277 41.6 36.4
9.85121 41.6 36.6
10.6885 41.6 36.8
11.113 41.6 37
11.8333 41.6 37.2
13.1652 41.6 37.4
14.2023 41.6 37.6
15.03 41.6 37.8
16.1766 41.6 38
17.0422 41.6 38.2
18.445 41.6 38.4
18.8103 41.6 38.6
20.6903 41.6 38.8
21.9307 41.6 39
22.6347 41.6 39.2
24.095 41.6 39.4
26.1634 41.6 39.6
26.5501 41.6 39.8
9.37049 41.8 35
9.04899 41.8 35.2
8.8944 41.8 35.4
8.89671 41.8 35.6
8.76576 41.8 35.8
9.64529 41.8 36
9.84417 41.8 36.2
10.7769 41.8 36.4
11.2436 41.8 36.6
12.2244 41.8 36.8
12.8343 41.8 37
13.7102 41.8 37.2
15.1909 41.8 37.4
16.3165 41.8 37.6
17.1812 41.8 37.8
18.4256 41.8 38
19.3722 41.8 38.2
20.7818 41.8 38.4
21.2073 41.8 38.6
23.4239 41.8 38.8
24.0707 41.8 39
25.2232 41.8 39.2
26.8664 41.8 39.4
28.9385 41.8 39.6
29.3367 41.8 39.8
